Classification report for EfficientNetV2:
              precision    recall  f1-score   support

           0       0.98      0.99      0.98       980
           1       0.99      0.99      0.99      1135
           2       0.91      0.99      0.95      1032
           3       0.89      0.97      0.93      1010
           4       0.95      0.98      0.97       982
           5       0.96      0.87      0.91       892
           6       0.97      0.98      0.98       958
           7       0.97      0.96      0.97      1028
           8       0.99      0.87      0.93       974
           9       0.98      0.93      0.95      1009

    accuracy                           0.96     10000
   macro avg       0.96      0.95      0.95     10000
weighted avg       0.96      0.96      0.96     10000
