Classification report for RANDOM FOREST:
              precision    recall  f1-score   support

           0       0.95      0.98      0.97       980
           1       0.97      0.98      0.98      1135
           2       0.94      0.91      0.92      1032
           3       0.94      0.90      0.92      1010
           4       0.90      0.93      0.92       982
           5       0.93      0.91      0.92       892
           6       0.94      0.95      0.95       958
           7       0.93      0.90      0.92      1028
           8       0.93      0.89      0.91       974
           9       0.87      0.92      0.89      1009

    accuracy                           0.93     10000
   macro avg       0.93      0.93      0.93     10000
weighted avg       0.93      0.93      0.93     10000
