Classification report for RBF SVM:
              precision    recall  f1-score   support

           0       0.97      0.99      0.98       980
           1       0.98      0.99      0.98      1135
           2       0.95      0.94      0.94      1032
           3       0.95      0.94      0.94      1010
           4       0.93      0.96      0.95       982
           5       0.95      0.94      0.94       892
           6       0.96      0.97      0.96       958
           7       0.95      0.93      0.94      1028
           8       0.95      0.93      0.94       974
           9       0.93      0.92      0.93      1009

    accuracy                           0.95     10000
   macro avg       0.95      0.95      0.95     10000
weighted avg       0.95      0.95      0.95     10000
