Classification report for ADABOOST:
              precision    recall  f1-score   support

           0       0.90      0.60      0.72       980
           1       0.90      0.32      0.48      1135
           2       0.56      0.67      0.61      1032
           3       0.44      0.65      0.53      1010
           4       0.50      0.51      0.50       982
           5       0.46      0.50      0.48       892
           6       0.82      0.70      0.76       958
           7       0.69      0.60      0.64      1028
           8       0.52      0.75      0.62       974
           9       0.43      0.47      0.45      1009

    accuracy                           0.58     10000
   macro avg       0.62      0.58      0.58     10000
weighted avg       0.63      0.58      0.58     10000
