Classification report for LINEAR SVM:
              precision    recall  f1-score   support

           0       0.91      0.95      0.93       980
           1       0.94      0.96      0.95      1135
           2       0.91      0.85      0.88      1032
           3       0.87      0.86      0.86      1010
           4       0.86      0.89      0.87       982
           5       0.84      0.82      0.83       892
           6       0.90      0.92      0.91       958
           7       0.87      0.90      0.89      1028
           8       0.82      0.80      0.81       974
           9       0.85      0.83      0.84      1009

    accuracy                           0.88     10000
   macro avg       0.88      0.88      0.88     10000
weighted avg       0.88      0.88      0.88     10000
