Confusion matrix for LINEAR SVM:
[[ 955    0    3    1    1    6    6    2    3    3]
 [   0 1118    1    3    1    3    3    0    6    0]
 [  11   10  927   20   15    3    9   11   24    2]
 [   3    3   20  910    3   32    2   12   15   10]
 [   1    1    9    0  933    0    5    4    1   28]
 [  12    3    5   42   15  772   11    2   22    8]
 [  13    2   18    2   17   16  886    1    3    0]
 [   1   15   32    5   11    3    0  922    4   35]
 [  12    7   21   46   14   37    8   15  804   10]
 [   4    9    4    8   57   10    0   36    7  874]]