Classification report for KNN:
              precision    recall  f1-score   support

           0       0.93      0.99      0.96       980
           1       0.88      1.00      0.93      1135
           2       0.97      0.89      0.93      1032
           3       0.94      0.93      0.93      1010
           4       0.94      0.92      0.93       982
           5       0.92      0.92      0.92       892
           6       0.95      0.97      0.96       958
           7       0.94      0.92      0.93      1028
           8       0.97      0.86      0.91       974
           9       0.90      0.93      0.91      1009

    accuracy                           0.93     10000
   macro avg       0.93      0.93      0.93     10000
weighted avg       0.93      0.93      0.93     10000
